-73.15391221356808
-73.63219124623066
-73.87683366094991
-74.01688146314486
-74.09555155952525
-74.13564516416847
-74.1525773017826
-74.1571006484012
-74.15628749662633
-74.15424016581063
-74.15277289534507
-74.15229053724022
-73.7583468711995
-74.15642141928119
-74.35895644873035
-74.47436572730766
-74.53856437445096
-74.56999118978818
-74.58047218050095
-74.57843729985674
-74.57028527995462
-74.56094779094175
-74.55396831103057
-74.5514208249395
-74.14046879137983
-74.47214562855146
-74.64009526481804
-74.73540084835234
-74.78768765367727
-74.81148257467768
-74.81577980065737
-74.80735176929339
-74.79213034025281
-74.7757548499906
-74.7633821495662
-74.7587921290231
-74.38781025464876
-74.66261585331158
-74.80141286204291
-74.88031188138245
-74.92292582388303
-74.94025781409239
-74.93912866540279
-74.9250036773404
-74.90323962186656
-74.87987470060438
-74.86170208389719
-74.8547950905684
-74.54998561416208
-74.77491209926953
-74.88899293264451
-74.95459065571924
-74.98939789417979
-75.00149103804162
-74.99606829861918
-74.97744492159657
-74.95012603469941
-74.91995385501052
-74.89515317051722
-74.88527781140742
-74.656357580829
-74.83686945947676
-74.9300582383209
-74.98487942916128
-75.01338136993347
-75.02142662396786
-75.01302571538662
-74.99147406083245
-74.96019852821532
-74.92402016179462
-74.89153916285285
-74.87737743788153
-74.7254326349851
-74.86601836097836
-74.9416248587986
-74.9877197198551
-75.0111198116849
-75.0161841874015
-75.00608807317494
-74.98330616219312
-74.95020609246664
-74.90996521486342
-74.86924195393308
-74.8479816239984
-74.76947100124403
-74.87396219061836
-74.9348303867179
-74.97393727771902
-74.99324013782478
-74.99621521663988
-74.98552095387586
-74.9630681689582
-74.93045440118317
-74.88936565550634
-74.84247160584266
-74.80812749672509
-74.79672977271343
-74.86850192254455
-74.91705186081057
-74.95077191130363
-74.96683751880028
-74.96843385413258
-74.95798370696568
-74.93708039507946
-74.9069355695344
-74.86852407800185
-74.82085807666964
-74.76529964626823
-74.81272738655156
-74.85484303645012
-74.89307425663452
-74.92291817713634
-74.93657672369477
-74.93734204521598
-74.9277150124842
-74.90915205385326
-74.88274319207864
-74.84936577693676
-74.80610585672544
-74.7246683288933
-74.82111331252443
-74.83643694032115
-74.86569230335836
-74.89353911617495
-74.90544264151619
-74.9057835524874
-74.89732023896109
-74.88146176906824
-74.8592529411131
-74.83152970238562
-74.79543186053291
-74.68967719873707
-74.82430536539451
-74.81559829734556
-74.8367032098519
-74.86446211606719
-74.8753760269446
-74.87551075330559
-74.86834222498614
-74.85518840294355
-74.83697164924332
-74.81416486996959
-74.7833355065694
-74.66212412788889
